giri Hamilton Vettel Bottas
 [1,]       NA     NA  92847
 [2,]    86894  86584  87883
 [3,]    86434  86210  87009
 [4,]    85892  86083  86464
 [5,]    86155  86254  87457
 [6,]    86260  86188  86752
 [7,]    86338  86270  86889
 [8,]    86073  86091  86613
 [9,]    85899  85806  86494
[10,]    85893  86083  86418
[11,]    85891  85973  86474
[12,]    86034  86135  86527
[13,]    85969  86124  86548
[14,]    85997     NA  86372
[15,]    85701     NA  86420
[16,]    86181  84901  86244
[17,]    86952  85059  86459
[18,]    87100  85184  86537
[19,]    86242  85254  86892
[20,]    86446  85257  87236
[21,]       NA  86414  88315
[22,]       NA  86526  87825
[23,]    85444  87384  87415
[24,]    86283  88383  88429
[25,]    86351  85328  89776
[26,]    85501  85285  92170
[27,]    85631  85155 103451
[28,]    85286  85117  84696
[29,]    86338  85348  85042
[30,]    85508  85519  85717
[31,]    85523  85273  85661
[32,]    86554  85193  86294
[33,]    85568  85490  86263
[34,]       NA     NA 107100
[35,]       NA     NA 120107
[36,]       NA     NA 111372
[37,]       NA     NA  85822
[38,]    85820     NA  85851
[39,]    85107  85081     NA
[40,]    85615  85702     NA
[41,]    84904  84746     NA
[42,]    84803  84990     NA
[43,]    83663  83674     NA
[44,]    83719  85937     NA
[45,]    84641  84588     NA
[46,]    85115  84640     NA
[47,]    84281  84741     NA
[48,]    84347  84630     NA
[49,]    84599  84588     NA
[50,]    84058  84547     NA
[51,]    84404  84525     NA
[52,]    83948  84146     NA
[53,]    84352  84382     NA
[54,]    85054  84737     NA
[55,]    84038  85210     NA
[56,]    84004  84311     NA
[57,]    83875  84369     NA
[58,]    84612  84475     NA
[59,]    84887  84187     NA
[60,]    84698  85676     NA
[61,]    84168  83918     NA
[62,]    84172  84008     NA
[63,]    84745  84035     NA
[64,]    83593  84727     NA
[65,]    84838  84106     NA
[66,]    85188  84916     NA
