giro Hamilton Vettel Bottas
 [1,]   109926 110601 110746
 [2,]   110328 110016 111171
 [3,]   110618 110133     NA
 [4,]   112331 110087 108737
 [5,]   106617 110004 108206
 [6,]   106939 110439 108181
 [7,]   106715 110450 108359
 [8,]   106678 110613 107801
 [9,]   106807     NA 108193
[10,]   107100 107252 108312
[11,]   107474 107148 107721
[12,]   106729 107023 107841
[13,]   107033 106577 107995
[14,]   106603 106815 110342
[15,]   107698 107333     NA
[16,]       NA 107152     NA
[17,]       NA 106654     NA
[18,]       NA 107233     NA
[19,]       NA 107043 109927
[20,]   109131 108157 109359
[21,]   109144     NA 109326
[22,]   109154     NA 109250
[23,]   109092     NA 109507
[24,]   109010     NA 109202
[25,]   109286 109176 108616
[26,]   109201 109170 109066
[27,]   109054 109298 109241
[28,]   108974 109220 109176
[29,]   109290 109229 109045
[30,]   109333 108938 109520
[31,]   108677 109199 108834
[32,]   108920 109417 108830
[33,]   110303 109083 108676
[34,]   110380 109250     NA
[35,]   109414 109135     NA
[36,]       NA 109238 110789
[37,]       NA 108917 110730
[38,]   110149 109157 110961
[39,]   109958     NA 111340
[40,]   110611     NA 110476
[41,]   110045 110022 110369
[42,]   110164 110264 110413
[43,]   109990 110317 110399
[44,]   109961 109911 110998