 giro    Hamilton Vettel Bottas
 [1,]       NA     NA     NA
 [2,]       NA     NA     NA
 [3,]       NA     NA     NA
 [4,]       NA     NA     NA
 [5,]   125121     NA 132095
 [6,]   124687     NA 128676
 [7,]   124425     NA 127883
 [8,]   125864     NA 128398
 [9,]   123954     NA 128101
[10,]   125448     NA 127800
[11,]   132836     NA 142009
[12,]       NA     NA     NA
[13,]       NA     NA     NA
[14,]       NA     NA     NA
[15,]   122612     NA 124912
[16,]   121989     NA 124086
[17,]   121715     NA 123258
[18,]   121352     NA 122955
[19,]   121100     NA 122141
[20,]   120985     NA 122685
[21,]   120797     NA 123581
[22,]   122033     NA 122630
[23,]   120999     NA 121638
[24,]   120372     NA 122032
[25,]   119952     NA 122099
[26,]   120591     NA 121969
[27,]   119350     NA 122106
[28,]   118469     NA 128888
[29,]   126530     NA 144421
[30,]   142087     NA 114246
[31,]   112323     NA 112118
[32,]   111128     NA 112041
[33,]   109453     NA 110067
[34,]   109474     NA 109018
[35,]   108761     NA 108238
[36,]   107849     NA 108101
[37,]   107249     NA 107998
[38,]   126649     NA 139045
[39,]       NA     NA     NA
[40,]       NA     NA     NA
[41,]       NA     NA     NA
[42,]   109049     NA 111565
[43,]   107133     NA 108771
[44,]   109543     NA 107337
[45,]   106389     NA 106816
[46,]   106449     NA 106552
[47,]   105656     NA 105965
[48,]   105856     NA 106359
[49,]   106121     NA 107256
[50,]   105426     NA 107122
[51,]   106153     NA 105718
[52,]   105872     NA 105942
[53,]   105681     NA 105665
[54,]   105915     NA 105405
[55,]   105008     NA 105716
[56,]   105728     NA 106500
[57,]   105467     NA 106271
[58,]   106674     NA 106726
