 giro  Hamilton Vettel Bottas
 [1,]    96359     99494 100299
 [2,]       NA     126457     NA
 [3,]       NA     148705     NA
 [4,]    95024     103903  97029
 [5,]    95338     NA  97000
 [6,]    95327     NA  96217
 [7,]    94917     NA  96481
 [8,]    95083     NA  96806
 [9,]       NA     NA     NA
[10,]       NA     NA     NA
[11,]    94967     NA  96944
[12,]    95037     NA  95695
[13,]    94972     NA  96009
[14,]    94945     NA  95632
[15,]    95271     NA  96100
[16,]    95381     NA  95998
[17,]    95328     NA  96023
[18,]    95783     NA  95912
[19,]    95612     NA  96200
[20,]    95591     NA  95920
[21,]    95563     NA  95917
[22,]       NA     NA  95924
[23,]       NA     NA  95603
[24,]    94645     NA  95399
[25,]    94326     NA  95458
[26,]    94460     NA  94945
[27,]    95191     NA  95179
[28,]    94865     NA  97095
[29,]    94649     NA  95585
[30,]    94617     NA  98109
[31,]    94692     NA     NA
[32,]    94645     NA  93688
[33,]    94549     NA  93912
[34,]    94510     NA  94101
[35,]    94535     NA  94355
[36,]    94378     NA  94115
[37,]    94313     NA  94025
[38,]    94212     NA  93709
[39,]    94085     NA  93860
[40,]    93911     NA  93763
[41,]    94848     NA  93742
[42,]    93835     NA  93424
[43,]    93780     NA  93871
[44,]    93866     NA  93810
[45,]    94368     NA  93594
[46,]    94398     NA  94155
[47,]    94331     NA     NA
[48,]       NA     NA     NA
[49,]       NA     NA     NA
[50,]       NA     NA  93144
[51,]    95129     NA  93577
[52,]    95671     NA  93656
[53,]    94495     NA  93578
